[[0 0 3 0]
 [0 0 0 0]
 [0 0 0 0]
 [0 2 0 1]]
check? 0
dofk2 2

[[0 0 0 0]
 [0 3 0 0]
 [0 0 0 0]
 [2 0 0 1]]
0 0
check? 0
dofk2 2

[[0 0 0 2]
 [3 0 0 0]
 [0 0 0 0]
 [0 0 0 1]]
0 0
check? 0
dofk2 2

[[0 0 2 0]
 [0 0 0 0]
 [0 3 0 0]
 [0 0 0 1]]
0 0
check? 0
dofk2 3

[[0 2 0 0]
 [0 0 0 0]
 [0 0 0 0]
 [3 0 0 1]]
0 0
check? 0
dofk2 1

[[2 0 0 0]
 [0 0 0 0]
 [0 0 0 0]
 [0 3 0 1]]
0 0
check? 0
dofk2 1

[[0 0 0 0]
 [0 0 0 0]
 [0 0 2 0]
 [3 0 0 1]]
0 0
check? 0
dofk2 0

[[2 0 0 0]
 [0 0 0 0]
 [0 3 0 0]
 [0 0 0 1]]
0 0
check? 0
dofk2 2

[[0 0 0 0]
 [3 0 0 0]
 [0 0 2 0]
 [0 0 0 1]]
0 0
check? 0
dofk2 1

[[0 0 2 0]
 [0 0 0 0]
 [0 3 0 0]
 [0 0 0 1]]
0 0
check? 0
dofk2 3

[[0 2 0 0]
 [0 0 0 0]
 [0 0 0 0]
 [3 0 0 1]]
0 0
check? 0
dofk2 1

[[2 0 0 0]
 [0 0 0 0]
 [0 0 0 0]
 [0 3 0 1]]
0 0
check? 0
dofk2 1

[[0 0 0 0]
 [0 0 0 0]
 [0 0 2 0]
 [3 0 0 1]]
0 0
check? 0
dofk2 0

[[2 0 0 0]
 [0 0 0 0]
 [0 3 0 0]
 [0 0 0 1]]
0 0
check? 0
dofk2 2

[[0 0 0 0]
 [3 0 0 0]
 [0 0 2 0]
 [0 0 0 1]]
0 0
check? 0
dofk2 1

[[0 0 2 0]
 [0 0 0 0]
 [0 3 0 0]
 [0 0 0 1]]
0 0
check? 0
dofk2 3

[[0 2 0 0]
 [0 0 0 0]
 [0 0 0 0]
 [3 0 0 1]]
0 0
check? 0
dofk2 1

[[2 0 0 0]
 [0 0 0 0]
 [0 3 0 0]
 [0 0 0 1]]
0 0
check? 0
dofk2 2

[[0 0 0 0]
 [3 0 0 0]
 [0 0 2 0]
 [0 0 0 1]]
0 0
check? 0
dofk2 1

[[0 0 2 0]
 [0 0 0 0]
 [0 3 0 0]
 [0 0 0 1]]
0 0
check? 0
dofk2 3

[[0 2 0 0]
 [0 0 0 0]
 [3 0 0 0]
 [0 0 0 1]]
0 0
check? 0
dofk2 1

[[0 2 0 0]
 [0 0 0 0]
 [0 0 1 0]
 [3 0 0 0]]
0 0
check? 0
dofk2 1

[[0 0 0 0]
 [0 0 0 0]
 [0 2 1 0]
 [3 0 0 0]]
1 1
check? 1
dofk2 0
